structure(list(NO2 = c(34L, 35L, 44L, 55L, 44L, 35L, 61L, 68L, 
68L, 57L, 58L, 50L, 41L, 31L, 39L, 45L, 73L, 44L, 64L, 60L, 64L, 
66L, 47L, 48L, 54L, 55L, 63L, 77L, 62L, 62L, 71L, 72L, 67L, 46L, 
48L, 59L, 73L, 83L, 83L, 73L, 76L, 52L, 37L, 46L, 46L, 68L, 70L, 
69L, 91L, 72L, 50L, 48L, 44L, 55L, 57L, 61L, 51L, 62L, 53L, 52L, 
60L, 50L, 65L, 43L, 62L, 76L, 55L, 48L, 34L, NA, 58L, 72L, 68L, 
52L, 31L, 72L, 63L, 66L, 72L, 76L, 66L, 58L, 50L, 54L, 39L, 63L, 
65L, 68L, 70L, 57L, 51L, 56L, 77L, 92L, 88L, 60L, 62L, 77L, 75L, 
58L, 64L, 66L, 61L, 67L, 82L, 80L, 79L, 84L, 82L, 55L, 47L, 37L, 
43L, 60L, 87L, 90L, 48L, 36L, 49L, 53L, 38L, 51L, 44L, 46L, 44L, 
62L, 54L, 65L, 78L, 56L, 58L, 37L, 54L, 57L, 42L, 50L, 60L, 50L, 
55L, 66L, 54L, 46L, 45L, 49L, 55L, 59L, 73L, 56L, 46L, 52L, 66L, 
60L, 48L, 62L, 68L, 54L, 61L, 67L, 50L, 46L, 59L, 69L, 74L, 71L, 
72L, 70L, NA, 62L, 61L, 74L, 42L, 52L, 47L, 41L, 56L, 63L, 67L, 
63L, 54L, 57L, 55L, 56L, 54L, 49L, 62L, 58L, 58L, 37L, 39L, 46L, 
42L, 52L, 58L, 54L, 40L, 57L, 46L, 47L, 66L, 67L, 62L, 45L, 57L, 
49L, 47L, 57L, 74L, 55L, 55L, 61L, 50L, 49L, 55L, 69L, 54L, 42L, 
58L, 66L, 64L, 63L, 66L, 49L, 46L, 64L, 60L, 61L, 50L, 52L, 46L, 
51L, 60L, 52L, 47L, 54L, 60L, 56L, 57L, 67L, 63L, 64L, 66L, 75L, 
68L, 61L, 51L, 51L, 59L, 63L, 60L, 55L, 49L, 57L, 57L, 61L, 67L, 
59L, 47L, 46L, 54L, 43L, 43L, 50L, 53L, 51L, 53L, 54L, 52L, 56L, 
50L, 59L, 46L, 50L, 40L, 61L, 63L, 48L, 53L, 43L, 43L, 56L, 62L, 
55L, 47L, 61L, 66L, 57L, 65L, 79L, 55L, 67L, 69L, 60L, 61L, 68L, 
66L, 55L, 65L, 64L, 60L, 49L, 54L, 50L, 61L, 59L, 46L, 53L, 45L, 
59L, 66L, 63L, 66L, 49L, 42L, 36L, 40L, 69L, 60L, 47L, 41L, 58L, 
51L, 77L, 72L, 52L, 50L, 34L, 36L, 34L, 31L, 34L, 45L, 66L, 55L, 
46L, 65L, 58L, 62L, 77L, 74L, 67L, 53L, 65L, 80L, 52L, 65L, 85L, 
77L, 72L, 69L, 73L, 69L, 80L, 60L, 88L, 66L, 42L, 49L, 30L, 36L, 
27L, 37L, 29L, 39L, 62L, 39L), NOx = c(76L, 89L, 130L, 164L, 
112L, 82L, 204L, 243L, 271L, 208L, 193L, 140L, 110L, 76L, 101L, 
155L, 317L, 114L, 214L, 187L, 194L, 212L, 132L, 145L, 160L, 154L, 
213L, 331L, 223L, 252L, 277L, 261L, 225L, 175L, 162L, 184L, 275L, 
370L, 335L, 307L, 254L, 134L, 92L, 129L, 158L, 250L, 244L, 255L, 
399L, 252L, 131L, 123L, 118L, 152L, 133L, 160L, 125L, 185L, 128L, 
156L, 147L, 121L, 172L, 103L, 178L, 243L, 140L, 109L, 76L, NA, 
164L, 214L, 188L, 126L, 68L, 240L, 161L, 181L, 221L, 217L, 219L, 
213L, 121L, 139L, 97L, 162L, 220L, 225L, 220L, 130L, 125L, 121L, 
192L, 236L, 225L, 150L, 142L, 219L, 185L, 145L, 193L, 216L, 198L, 
148L, 197L, 190L, 271L, 246L, 212L, 101L, 81L, 65L, 83L, 132L, 
240L, 248L, 130L, 82L, 150L, 200L, 69L, 98L, 84L, 96L, 101L, 
155L, 121L, 155L, 212L, 153L, 124L, 82L, 127L, 186L, 189L, 174L, 
163L, 127L, 157L, 156L, 147L, 120L, 160L, 205L, 129L, 112L, 167L, 
154L, 130L, 156L, 154L, 151L, 107L, 156L, 159L, 116L, 129L, 145L, 
96L, 82L, 123L, 138L, 151L, 152L, 163L, 130L, NA, 146L, 126L, 
154L, 75L, 101L, 109L, 84L, 125L, 130L, 129L, 110L, 119L, 103L, 
101L, 105L, 101L, 102L, 127L, 123L, 103L, 69L, 82L, 97L, 93L, 
147L, 138L, 120L, 99L, 138L, 105L, 109L, 152L, 133L, 119L, 90L, 
128L, 121L, 156L, 148L, 175L, 117L, 106L, 123L, 106L, 112L, 120L, 
159L, 118L, 87L, 125L, 127L, 134L, 134L, 143L, 113L, 91L, 133L, 
135L, 158L, 102L, 136L, 104L, 130L, 137L, 149L, 118L, 134L, 154L, 
122L, 117L, 167L, 163L, 170L, 158L, 163L, 139L, 116L, 124L, 162L, 
156L, 150L, 164L, 145L, 125L, 168L, 160L, 175L, 173L, 160L, 112L, 
113L, 156L, 123L, 119L, 147L, 162L, 144L, 160L, 216L, 201L, 294L, 
168L, 229L, 133L, 152L, 105L, 197L, 261L, 158L, 195L, 147L, 150L, 
204L, 219L, 203L, 138L, 225L, 261L, 203L, 308L, 366L, 235L, 278L, 
294L, 262L, 272L, 338L, 323L, 284L, 352L, 290L, 264L, 163L, 175L, 
178L, 227L, 271L, 164L, 261L, 157L, 239L, 349L, 292L, 397L, 280L, 
236L, 139L, 123L, 339L, 280L, 192L, 228L, 282L, 206L, 445L, 431L, 
278L, 177L, 193L, 200L, 159L, 212L, 240L, 308L, 634L, 211L, 133L, 
255L, 210L, 204L, 328L, 349L, 285L, 181L, 261L, 332L, 165L, 270L, 
483L, 379L, 264L, 195L, 418L, 563L, 576L, 481L, 504L, 225L, 144L, 
158L, 76L, 91L, 63L, 103L, 79L, 104L, 189L, 95L), NO = c(27L, 
35L, 56L, 71L, 44L, 31L, 94L, 115L, 133L, 98L, 88L, 59L, 45L, 
30L, 40L, 72L, 159L, 46L, 98L, 83L, 84L, 95L, 55L, 63L, 69L, 
65L, 98L, 165L, 105L, 124L, 135L, 123L, 102L, 85L, 75L, 81L, 
132L, 187L, 164L, 153L, 116L, 54L, 36L, 54L, 73L, 118L, 114L, 
121L, 201L, 117L, 53L, 49L, 48L, 63L, 50L, 64L, 48L, 80L, 49L, 
68L, 57L, 47L, 70L, 40L, 76L, 109L, 55L, 40L, 28L, NA, 69L, 92L, 
78L, 48L, 24L, 110L, 64L, 75L, 97L, 92L, 99L, 101L, 46L, 56L, 
38L, 65L, 101L, 103L, 98L, 47L, 48L, 42L, 75L, 94L, 90L, 58L, 
52L, 93L, 72L, 57L, 84L, 97L, 90L, 53L, 75L, 72L, 125L, 105L, 
85L, 30L, 22L, 18L, 26L, 47L, 100L, 103L, 53L, 30L, 66L, 96L, 
20L, 31L, 27L, 33L, 37L, 61L, 43L, 58L, 88L, 64L, 43L, 29L, 48L, 
84L, 96L, 81L, 68L, 50L, 67L, 59L, 60L, 48L, 75L, 102L, 49L, 
35L, 61L, 64L, 55L, 67L, 58L, 59L, 39L, 61L, 59L, 40L, 44L, 51L, 
30L, 23L, 42L, 45L, 50L, 53L, 59L, 39L, NA, 55L, 42L, 52L, 21L, 
32L, 40L, 28L, 45L, 44L, 40L, 30L, 42L, 30L, 30L, 32L, 30L, 35L, 
42L, 42L, 30L, 20L, 28L, 33L, 33L, 62L, 52L, 43L, 38L, 53L, 39L, 
41L, 56L, 43L, 37L, 29L, 46L, 47L, 71L, 59L, 66L, 41L, 33L, 40L, 
37L, 41L, 42L, 59L, 42L, 29L, 44L, 39L, 46L, 47L, 50L, 42L, 29L, 
45L, 49L, 64L, 34L, 55L, 38L, 51L, 50L, 63L, 46L, 52L, 62L, 44L, 
39L, 66L, 65L, 69L, 60L, 58L, 46L, 36L, 47L, 73L, 63L, 57L, 68L, 
58L, 50L, 73L, 67L, 74L, 69L, 66L, 43L, 44L, 67L, 52L, 50L, 63L, 
71L, 61L, 70L, 106L, 97L, 155L, 77L, 110L, 57L, 66L, 42L, 89L, 
129L, 72L, 93L, 68L, 70L, 97L, 103L, 97L, 59L, 107L, 128L, 95L, 
158L, 188L, 117L, 137L, 147L, 132L, 137L, 176L, 167L, 149L, 187L, 
147L, 133L, 74L, 79L, 84L, 108L, 138L, 77L, 135L, 73L, 117L, 
184L, 150L, 216L, 151L, 127L, 67L, 54L, 176L, 144L, 95L, 123L, 
146L, 101L, 240L, 234L, 147L, 83L, 104L, 107L, 82L, 118L, 135L, 
172L, 370L, 102L, 57L, 124L, 99L, 92L, 164L, 179L, 142L, 84L, 
128L, 164L, 74L, 134L, 260L, 197L, 126L, 82L, 225L, 322L, 323L, 
275L, 271L, 104L, 67L, 71L, 30L, 36L, 23L, 43L, 32L, 42L, 83L, 
37L),